frame_number, top, right, bottom, left, height, width
00002, 92, 865, 233, 724, 141, 141
00003, 97, 850, 215, 733, 118, 117
00004, 92, 851, 233, 709, 141, 142
00005, 92, 851, 233, 709, 141, 142
00006, 97, 839, 215, 721, 118, 118
00007, 97, 850, 215, 733, 118, 117
00008, 85, 839, 203, 721, 118, 118
00009, 97, 839, 215, 721, 118, 118
00010, 85, 839, 203, 721, 118, 118
00011, 85, 827, 203, 709, 118, 118
00012, 97, 827, 215, 709, 118, 118
00013, 97, 815, 215, 697, 118, 118
00014, 109, 815, 227, 697, 118, 118
00015, 109, 803, 227, 685, 118, 118
00016, 92, 808, 233, 666, 141, 142
00017, 97, 779, 215, 661, 118, 118
00018, 109, 779, 227, 661, 118, 118
00019, 121, 767, 239, 649, 118, 118
00020, 92, 765, 233, 623, 141, 142
00021, 121, 755, 239, 637, 118, 118
00022, 121, 743, 239, 625, 118, 118
00023, 121, 731, 239, 613, 118, 118
00024, 133, 731, 251, 613, 118, 118
00025, 133, 719, 251, 601, 118, 118
00026, 145, 719, 263, 601, 118, 118
00027, 145, 707, 263, 589, 118, 118
00028, 145, 707, 263, 589, 118, 118
00029, 133, 707, 251, 589, 118, 118
00030, 133, 695, 251, 577, 118, 118
00031, 133, 695, 251, 577, 118, 118
00032, 121, 695, 239, 577, 118, 118
00033, 106, 693, 248, 552, 142, 141
00034, 106, 693, 248, 552, 142, 141
00035, 121, 695, 239, 577, 118, 118
00036, 109, 683, 227, 565, 118, 118
00037, 109, 683, 227, 565, 118, 118
00038, 109, 683, 227, 565, 118, 118
00039, 92, 693, 233, 552, 141, 141
00040, 92, 693, 233, 552, 141, 141
00041, 109, 683, 227, 565, 118, 118
00042, 97, 683, 215, 565, 118, 118
00043, 97, 683, 215, 565, 118, 118
00044, 97, 683, 215, 565, 118, 118
00045, 97, 683, 215, 565, 118, 118
00046, 97, 683, 215, 565, 118, 118
00047, 97, 683, 215, 565, 118, 118
00048, 97, 683, 215, 565, 118, 118
00049, 97, 683, 215, 565, 118, 118
00050, 85, 671, 203, 553, 118, 118
00051, 97, 671, 215, 553, 118, 118
00052, 97, 671, 215, 553, 118, 118
00053, 97, 671, 215, 553, 118, 118
00054, 77, 664, 219, 523, 142, 141
00055, 77, 664, 219, 523, 142, 141
00056, 97, 659, 215, 541, 118, 118
00057, 77, 664, 219, 523, 142, 141
00058, 77, 664, 219, 523, 142, 141
00059, 97, 647, 215, 530, 118, 117
00060, 97, 647, 215, 530, 118, 117
00061, 97, 647, 215, 530, 118, 117
00062, 97, 647, 215, 530, 118, 117
00063, 97, 647, 215, 530, 118, 117
00064, 97, 647, 215, 530, 118, 117
00065, 97, 647, 215, 530, 118, 117
00066, 97, 647, 215, 530, 118, 117
00067, 97, 647, 215, 530, 118, 117
00068, 97, 647, 215, 530, 118, 117
00069, 97, 647, 215, 530, 118, 117
00070, 77, 664, 219, 523, 142, 141
00071, 77, 664, 219, 523, 142, 141
00072, 77, 664, 219, 523, 142, 141
00073, 97, 659, 215, 541, 118, 118
00074, 77, 664, 219, 523, 142, 141
00075, 97, 659, 215, 541, 118, 118
00076, 97, 659, 215, 541, 118, 118
00077, 77, 679, 219, 537, 142, 142
00078, 77, 679, 219, 537, 142, 142
00079, 77, 679, 219, 537, 142, 142
00080, 77, 679, 219, 537, 142, 142
00081, 77, 679, 219, 537, 142, 142
00082, 77, 679, 219, 537, 142, 142
00083, 77, 679, 219, 537, 142, 142
00084, 92, 679, 233, 537, 141, 142
00085, 109, 671, 227, 553, 118, 118
00086, 92, 679, 233, 537, 141, 142
00087, 92, 679, 233, 537, 141, 142
00088, 109, 659, 227, 541, 118, 118
00089, 109, 659, 227, 541, 118, 118
00090, 109, 671, 227, 553, 118, 118
00091, 77, 679, 219, 537, 142, 142
00092, 77, 679, 219, 537, 142, 142
00093, 97, 683, 215, 565, 118, 118
00094, 121, 683, 239, 565, 118, 118
00095, 121, 683, 239, 565, 118, 118
00096, 106, 693, 248, 552, 142, 141
00097, 120, 693, 262, 552, 142, 141
00098, 106, 707, 248, 566, 142, 141
00100, 92, 707, 233, 566, 141, 141
00101, 106, 707, 248, 566, 142, 141
00102, 109, 707, 227, 589, 118, 118
00103, 109, 707, 227, 589, 118, 118
00104, 109, 707, 227, 589, 118, 118
00105, 109, 707, 227, 589, 118, 118
00106, 109, 707, 227, 589, 118, 118
00107, 109, 707, 227, 589, 118, 118
00108, 109, 707, 227, 589, 118, 118
00109, 109, 707, 227, 589, 118, 118
00110, 109, 707, 227, 589, 118, 118
00111, 109, 707, 227, 589, 118, 118
00112, 106, 707, 248, 566, 142, 141
00113, 106, 707, 248, 566, 142, 141
00114, 109, 695, 227, 577, 118, 118
00115, 109, 695, 227, 577, 118, 118
00116, 106, 693, 248, 552, 142, 141
00117, 109, 683, 227, 565, 118, 118
00118, 109, 683, 227, 565, 118, 118
00119, 121, 671, 239, 553, 118, 118
00120, 109, 659, 227, 541, 118, 118
00121, 121, 659, 239, 541, 118, 118
00122, 121, 636, 239, 518, 118, 118
00123, 106, 664, 248, 523, 142, 141
00124, 120, 650, 262, 509, 142, 141
00125, 106, 650, 248, 509, 142, 141
00126, 120, 636, 262, 494, 142, 142
00127, 120, 621, 262, 480, 142, 141
00128, 120, 621, 262, 480, 142, 141
00130, 106, 607, 248, 466, 142, 141
00131, 106, 607, 248, 466, 142, 141
00132, 120, 607, 262, 466, 142, 141
00156, 92, 621, 233, 480, 141, 141
00157, 106, 607, 248, 466, 142, 141
00158, 121, 600, 239, 482, 118, 118
00159, 92, 621, 233, 480, 141, 141
00160, 92, 621, 233, 480, 141, 141
00161, 121, 612, 239, 494, 118, 118
00162, 120, 621, 262, 480, 142, 141
00163, 120, 636, 262, 494, 142, 142
00164, 120, 650, 262, 509, 142, 141
00165, 120, 650, 262, 509, 142, 141
00166, 106, 650, 248, 509, 142, 141
00167, 121, 647, 239, 530, 118, 117
00168, 109, 659, 227, 541, 118, 118
00169, 109, 659, 227, 541, 118, 118
00170, 109, 659, 227, 541, 118, 118
00171, 121, 671, 239, 553, 118, 118
00172, 109, 671, 227, 553, 118, 118
00173, 109, 671, 227, 553, 118, 118
00174, 109, 671, 227, 553, 118, 118
00175, 109, 671, 227, 553, 118, 118
00176, 109, 671, 227, 553, 118, 118
00177, 109, 671, 227, 553, 118, 118
00178, 97, 671, 215, 553, 118, 118
00179, 97, 671, 215, 553, 118, 118
00180, 97, 671, 215, 553, 118, 118
00181, 97, 671, 215, 553, 118, 118
00182, 97, 671, 215, 553, 118, 118
00183, 109, 683, 227, 565, 118, 118
00184, 109, 683, 227, 565, 118, 118
00185, 109, 683, 227, 565, 118, 118
00186, 109, 683, 227, 565, 118, 118
00187, 109, 683, 227, 565, 118, 118
00188, 109, 683, 227, 565, 118, 118
00189, 109, 683, 227, 565, 118, 118
00190, 109, 683, 227, 565, 118, 118
00191, 109, 683, 227, 565, 118, 118
00192, 109, 683, 227, 565, 118, 118
00193, 92, 693, 233, 552, 141, 141
00194, 92, 693, 233, 552, 141, 141
00195, 92, 693, 233, 552, 141, 141
00196, 92, 693, 233, 552, 141, 141
00197, 92, 679, 233, 537, 141, 142
00198, 109, 683, 227, 565, 118, 118
00199, 109, 683, 227, 565, 118, 118
00200, 109, 683, 227, 565, 118, 118
00201, 109, 683, 227, 565, 118, 118
00202, 97, 683, 215, 565, 118, 118
00203, 109, 695, 227, 577, 118, 118
00204, 109, 695, 227, 577, 118, 118
00205, 109, 695, 227, 577, 118, 118
00206, 109, 695, 227, 577, 118, 118
00207, 109, 695, 227, 577, 118, 118
00208, 92, 707, 233, 566, 141, 141
00209, 92, 707, 233, 566, 141, 141
00210, 92, 707, 233, 566, 141, 141
00211, 92, 707, 233, 566, 141, 141
00212, 92, 707, 233, 566, 141, 141
00213, 92, 693, 233, 552, 141, 141
00214, 92, 693, 233, 552, 141, 141
00215, 92, 693, 233, 552, 141, 141
00216, 109, 683, 227, 565, 118, 118
00217, 109, 683, 227, 565, 118, 118
00218, 109, 683, 227, 565, 118, 118
00219, 109, 683, 227, 565, 118, 118
00220, 109, 683, 227, 565, 118, 118
00221, 109, 683, 227, 565, 118, 118
00222, 109, 683, 227, 565, 118, 118
00223, 109, 683, 227, 565, 118, 118
00224, 109, 683, 227, 565, 118, 118
00225, 109, 683, 227, 565, 118, 118
00226, 109, 683, 227, 565, 118, 118
00227, 92, 693, 233, 552, 141, 141
00228, 92, 707, 233, 566, 141, 141
00229, 92, 707, 233, 566, 141, 141
00230, 92, 707, 233, 566, 141, 141
00231, 92, 707, 233, 566, 141, 141
00232, 92, 707, 233, 566, 141, 141
00233, 92, 707, 233, 566, 141, 141
00234, 92, 707, 233, 566, 141, 141
00235, 109, 695, 227, 577, 118, 118
00236, 109, 707, 227, 589, 118, 118
00237, 109, 707, 227, 589, 118, 118
00238, 109, 707, 227, 589, 118, 118
00239, 109, 707, 227, 589, 118, 118
00240, 109, 707, 227, 589, 118, 118
00241, 109, 707, 227, 589, 118, 118
00242, 97, 695, 215, 577, 118, 118
00243, 92, 707, 233, 566, 141, 141
00244, 109, 695, 227, 577, 118, 118
00245, 109, 695, 227, 577, 118, 118
00246, 92, 722, 233, 580, 141, 142
00247, 92, 722, 233, 580, 141, 142
00248, 92, 722, 233, 580, 141, 142
00249, 77, 707, 219, 566, 142, 141
00250, 92, 707, 233, 566, 141, 141
00251, 92, 707, 233, 566, 141, 141
00252, 106, 722, 248, 580, 142, 142
00253, 106, 722, 248, 580, 142, 142
00254, 106, 722, 248, 580, 142, 142
00255, 92, 722, 233, 580, 141, 142
00256, 92, 722, 233, 580, 141, 142
00257, 92, 722, 233, 580, 141, 142
00258, 92, 722, 233, 580, 141, 142
00259, 92, 722, 233, 580, 141, 142
00260, 92, 722, 233, 580, 141, 142
00261, 92, 722, 233, 580, 141, 142
00262, 92, 722, 233, 580, 141, 142
00263, 92, 722, 233, 580, 141, 142
00264, 92, 722, 233, 580, 141, 142
00265, 92, 722, 233, 580, 141, 142
00266, 92, 722, 233, 580, 141, 142
00267, 92, 722, 233, 580, 141, 142
00268, 92, 722, 233, 580, 141, 142
00269, 92, 722, 233, 580, 141, 142
00270, 106, 722, 248, 580, 142, 142
00271, 77, 707, 219, 566, 142, 141
00272, 106, 722, 248, 580, 142, 142
00273, 77, 707, 219, 566, 142, 141
00274, 77, 707, 219, 566, 142, 141
00275, 77, 707, 219, 566, 142, 141
00276, 92, 693, 233, 552, 141, 141
00277, 92, 693, 233, 552, 141, 141
00278, 92, 693, 233, 552, 141, 141
00279, 92, 693, 233, 552, 141, 141
00280, 92, 693, 233, 552, 141, 141
00281, 92, 693, 233, 552, 141, 141
00282, 92, 707, 233, 566, 141, 141
00283, 92, 707, 233, 566, 141, 141
00284, 77, 707, 219, 566, 142, 141
00285, 77, 707, 219, 566, 142, 141
00286, 106, 722, 248, 580, 142, 142
00287, 106, 722, 248, 580, 142, 142
00288, 92, 722, 233, 580, 141, 142
00289, 92, 707, 233, 566, 141, 141
00290, 92, 707, 233, 566, 141, 141
00291, 109, 707, 227, 589, 118, 118
00292, 121, 695, 239, 577, 118, 118
00293, 121, 695, 239, 577, 118, 118
00294, 121, 695, 239, 577, 118, 118
00295, 121, 695, 239, 577, 118, 118
00296, 109, 707, 227, 589, 118, 118
00297, 109, 707, 227, 589, 118, 118
00298, 106, 707, 248, 566, 142, 141
00299, 106, 707, 248, 566, 142, 141
00300, 106, 722, 248, 580, 142, 142
00301, 92, 707, 233, 566, 141, 141
00302, 92, 707, 233, 566, 141, 141
00303, 92, 707, 233, 566, 141, 141
00304, 92, 707, 233, 566, 141, 141
00305, 92, 707, 233, 566, 141, 141
00306, 92, 707, 233, 566, 141, 141
00307, 92, 693, 233, 552, 141, 141
00308, 92, 693, 233, 552, 141, 141
00309, 92, 693, 233, 552, 141, 141
00310, 106, 693, 248, 552, 142, 141
00311, 121, 683, 239, 565, 118, 118
00312, 92, 679, 233, 537, 141, 142
00313, 106, 679, 248, 537, 142, 142
00314, 106, 679, 248, 537, 142, 142
00315, 106, 679, 248, 537, 142, 142
00316, 120, 664, 262, 523, 142, 141
00317, 121, 659, 239, 541, 118, 118
00318, 121, 659, 239, 541, 118, 118
00319, 109, 659, 227, 541, 118, 118
00320, 109, 659, 227, 541, 118, 118
00321, 92, 664, 233, 523, 141, 141
00322, 92, 664, 233, 523, 141, 141
00323, 92, 664, 233, 523, 141, 141
00324, 92, 664, 233, 523, 141, 141
00325, 109, 647, 227, 530, 118, 117
00326, 106, 650, 248, 509, 142, 141
00327, 109, 647, 227, 530, 118, 117
00328, 97, 647, 215, 530, 118, 117
00329, 97, 647, 215, 530, 118, 117
00330, 97, 647, 215, 530, 118, 117
00331, 97, 647, 215, 530, 118, 117
00332, 85, 647, 203, 530, 118, 117
00333, 85, 647, 203, 530, 118, 117
00334, 109, 659, 227, 541, 118, 118
00335, 92, 664, 233, 523, 141, 141
00336, 92, 664, 233, 523, 141, 141
00337, 92, 664, 233, 523, 141, 141
00338, 92, 664, 233, 523, 141, 141
00339, 92, 664, 233, 523, 141, 141
00340, 92, 664, 233, 523, 141, 141
00341, 109, 659, 227, 541, 118, 118
00342, 109, 659, 227, 541, 118, 118
00343, 109, 659, 227, 541, 118, 118
00344, 92, 664, 233, 523, 141, 141
00345, 92, 664, 233, 523, 141, 141
00346, 92, 664, 233, 523, 141, 141
00347, 92, 664, 233, 523, 141, 141
00348, 109, 659, 227, 541, 118, 118
00349, 92, 664, 233, 523, 141, 141
00350, 92, 664, 233, 523, 141, 141
00351, 92, 664, 233, 523, 141, 141
00352, 92, 664, 233, 523, 141, 141
00353, 92, 664, 233, 523, 141, 141
00354, 92, 664, 233, 523, 141, 141
00355, 92, 664, 233, 523, 141, 141
00356, 92, 664, 233, 523, 141, 141
00357, 92, 664, 233, 523, 141, 141
00358, 92, 664, 233, 523, 141, 141
00359, 77, 664, 219, 523, 142, 141
00360, 77, 664, 219, 523, 142, 141
00361, 109, 659, 227, 541, 118, 118
00362, 109, 659, 227, 541, 118, 118
00363, 121, 659, 239, 541, 118, 118
00364, 121, 659, 239, 541, 118, 118
00365, 133, 659, 251, 541, 118, 118
00367, 145, 659, 263, 541, 118, 118
00369, 157, 659, 275, 541, 118, 118
00370, 135, 664, 276, 523, 141, 141
00389, 135, 636, 276, 494, 141, 142
00391, 145, 624, 263, 506, 118, 118
00392, 145, 636, 263, 518, 118, 118
00393, 145, 636, 263, 518, 118, 118
00395, 133, 636, 251, 518, 118, 118
00396, 133, 636, 251, 518, 118, 118
00397, 133, 636, 251, 518, 118, 118
00398, 121, 636, 239, 518, 118, 118
00399, 106, 650, 248, 509, 142, 141
00400, 106, 650, 248, 509, 142, 141
00401, 121, 647, 239, 530, 118, 117
00402, 109, 647, 227, 530, 118, 117
00403, 109, 647, 227, 530, 118, 117
00404, 109, 647, 227, 530, 118, 117
00405, 92, 664, 233, 523, 141, 141
00406, 109, 659, 227, 541, 118, 118
00407, 109, 647, 227, 530, 118, 117
00408, 109, 647, 227, 530, 118, 117
00409, 109, 647, 227, 530, 118, 117
00410, 109, 659, 227, 541, 118, 118
00411, 92, 679, 233, 537, 141, 142
00412, 92, 664, 233, 523, 141, 141
00413, 92, 679, 233, 537, 141, 142
00414, 92, 679, 233, 537, 141, 142
00415, 77, 679, 219, 537, 142, 142
00416, 92, 679, 233, 537, 141, 142
00417, 77, 679, 219, 537, 142, 142
00418, 77, 679, 219, 537, 142, 142
00419, 77, 679, 219, 537, 142, 142
00420, 77, 679, 219, 537, 142, 142
00421, 97, 683, 215, 565, 118, 118
00422, 97, 683, 215, 565, 118, 118
00423, 97, 683, 215, 565, 118, 118
00424, 77, 693, 219, 552, 142, 141
00425, 92, 693, 233, 552, 141, 141
00426, 92, 679, 233, 537, 141, 142
00427, 109, 671, 227, 553, 118, 118
00428, 106, 693, 248, 552, 142, 141
00429, 106, 693, 248, 552, 142, 141
00430, 120, 693, 262, 552, 142, 141
00431, 120, 693, 262, 552, 142, 141
00432, 145, 671, 263, 553, 118, 118
00433, 157, 671, 275, 553, 118, 118
00434, 157, 671, 275, 553, 118, 118
00435, 169, 671, 287, 553, 118, 118
00436, 181, 671, 299, 553, 118, 118
00437, 193, 671, 311, 553, 118, 118
00438, 205, 671, 322, 553, 117, 118
00439, 216, 671, 334, 553, 118, 118
00440, 206, 679, 348, 537, 142, 142
00441, 228, 671, 346, 553, 118, 118
00442, 221, 679, 362, 537, 141, 142
00443, 221, 679, 362, 537, 141, 142
00444, 240, 659, 358, 541, 118, 118
00445, 240, 659, 358, 541, 118, 118
00446, 221, 679, 362, 537, 141, 142
00447, 228, 671, 346, 553, 118, 118
00448, 228, 671, 346, 553, 118, 118
00449, 216, 671, 334, 553, 118, 118
00450, 205, 671, 322, 553, 117, 118
00451, 181, 683, 299, 565, 118, 118
00452, 163, 693, 305, 552, 142, 141
00453, 169, 683, 287, 565, 118, 118
00455, 145, 695, 263, 577, 118, 118
00456, 133, 695, 251, 577, 118, 118
00457, 106, 707, 248, 566, 142, 141
00458, 121, 695, 239, 577, 118, 118
00459, 106, 707, 248, 566, 142, 141
00460, 92, 707, 233, 566, 141, 141
00461, 92, 707, 233, 566, 141, 141
00462, 92, 707, 233, 566, 141, 141
00463, 92, 707, 233, 566, 141, 141
00464, 77, 707, 219, 566, 142, 141
00465, 77, 693, 219, 552, 142, 141
00466, 92, 693, 233, 552, 141, 141
00467, 92, 693, 233, 552, 141, 141
00468, 92, 693, 233, 552, 141, 141
00469, 92, 679, 233, 537, 141, 142
00470, 109, 671, 227, 553, 118, 118
00471, 109, 671, 227, 553, 118, 118
00472, 92, 679, 233, 537, 141, 142
00473, 92, 679, 233, 537, 141, 142
00474, 92, 679, 233, 537, 141, 142
00475, 92, 679, 233, 537, 141, 142
00476, 92, 679, 233, 537, 141, 142
00477, 109, 659, 227, 541, 118, 118
00478, 77, 664, 219, 523, 142, 141
00479, 77, 664, 219, 523, 142, 141
00480, 77, 664, 219, 523, 142, 141
00481, 77, 664, 219, 523, 142, 141
00482, 77, 664, 219, 523, 142, 141
00483, 77, 664, 219, 523, 142, 141
00484, 106, 664, 248, 523, 142, 141
00485, 106, 664, 248, 523, 142, 141
00486, 121, 659, 239, 541, 118, 118
00487, 109, 659, 227, 541, 118, 118
00488, 121, 659, 239, 541, 118, 118
00489, 106, 679, 248, 537, 142, 142
00490, 106, 679, 248, 537, 142, 142
00491, 106, 679, 248, 537, 142, 142
00492, 133, 671, 251, 553, 118, 118
00493, 133, 671, 251, 553, 118, 118
00494, 133, 683, 251, 565, 118, 118
00495, 133, 683, 251, 565, 118, 118
00496, 133, 683, 251, 565, 118, 118
00497, 120, 707, 262, 566, 142, 141
00498, 120, 693, 262, 552, 142, 141
00499, 106, 707, 248, 566, 142, 141
00500, 133, 707, 251, 589, 118, 118
00501, 120, 707, 262, 566, 142, 141
00502, 121, 707, 239, 589, 118, 118
00503, 121, 719, 239, 601, 118, 118
00504, 106, 736, 248, 595, 142, 141
00505, 106, 736, 248, 595, 142, 141
00506, 92, 736, 233, 595, 141, 141
00507, 120, 736, 262, 595, 142, 141
00508, 106, 750, 248, 609, 142, 141
00509, 106, 750, 248, 609, 142, 141
00510, 106, 750, 248, 609, 142, 141
00511, 92, 750, 233, 609, 141, 141
00512, 92, 750, 233, 609, 141, 141
00513, 92, 750, 233, 609, 141, 141
00514, 106, 765, 248, 623, 142, 142
00515, 106, 765, 248, 623, 142, 142
00516, 106, 765, 248, 623, 142, 142
00517, 106, 765, 248, 623, 142, 142
00518, 120, 765, 262, 623, 142, 142
00519, 106, 765, 248, 623, 142, 142
00520, 106, 765, 248, 623, 142, 142
00521, 106, 765, 248, 623, 142, 142
00522, 106, 765, 248, 623, 142, 142
00523, 106, 765, 248, 623, 142, 142
00524, 106, 779, 248, 638, 142, 141
00525, 106, 779, 248, 638, 142, 141
00526, 120, 765, 262, 623, 142, 142
00527, 120, 765, 262, 623, 142, 142
00528, 120, 765, 262, 623, 142, 142
00529, 120, 765, 262, 623, 142, 142
00530, 120, 779, 262, 638, 142, 141
00531, 120, 779, 262, 638, 142, 141
00532, 120, 779, 262, 638, 142, 141
00533, 120, 779, 262, 638, 142, 141
00534, 120, 779, 262, 638, 142, 141
00535, 106, 779, 248, 638, 142, 141
00536, 106, 779, 248, 638, 142, 141
00537, 106, 779, 248, 638, 142, 141
00538, 106, 779, 248, 638, 142, 141
00539, 106, 779, 248, 638, 142, 141
00540, 106, 779, 248, 638, 142, 141
00541, 106, 779, 248, 638, 142, 141
00542, 120, 779, 262, 638, 142, 141
00543, 106, 779, 248, 638, 142, 141
00544, 106, 765, 248, 623, 142, 142
00545, 106, 765, 248, 623, 142, 142
00546, 106, 765, 248, 623, 142, 142
00547, 106, 765, 248, 623, 142, 142
00548, 106, 765, 248, 623, 142, 142
00549, 106, 765, 248, 623, 142, 142
00550, 106, 765, 248, 623, 142, 142
00551, 106, 765, 248, 623, 142, 142
00552, 106, 765, 248, 623, 142, 142
00553, 106, 765, 248, 623, 142, 142
00554, 106, 765, 248, 623, 142, 142
00555, 106, 765, 248, 623, 142, 142
00556, 106, 750, 248, 609, 142, 141
00557, 106, 750, 248, 609, 142, 141
00558, 106, 750, 248, 609, 142, 141
00559, 121, 743, 239, 625, 118, 118
00560, 121, 743, 239, 625, 118, 118
00561, 106, 765, 248, 623, 142, 142
00562, 106, 765, 248, 623, 142, 142
00563, 106, 765, 248, 623, 142, 142
00564, 106, 765, 248, 623, 142, 142
00565, 106, 765, 248, 623, 142, 142
00566, 120, 765, 262, 623, 142, 142
00567, 120, 765, 262, 623, 142, 142
00568, 120, 765, 262, 623, 142, 142
00569, 92, 750, 233, 609, 141, 141
00570, 92, 750, 233, 609, 141, 141
00571, 92, 750, 233, 609, 141, 141
00572, 120, 765, 262, 623, 142, 142
00573, 120, 765, 262, 623, 142, 142
00574, 120, 765, 262, 623, 142, 142
00575, 92, 750, 233, 609, 141, 141
00576, 109, 743, 227, 625, 118, 118
00577, 121, 743, 239, 625, 118, 118
00578, 109, 743, 227, 625, 118, 118
00579, 121, 743, 239, 625, 118, 118
00580, 109, 743, 227, 625, 118, 118
00581, 109, 743, 227, 625, 118, 118
00582, 121, 743, 239, 625, 118, 118
00583, 121, 743, 239, 625, 118, 118
00584, 92, 750, 233, 609, 141, 141
00585, 106, 750, 248, 609, 142, 141
00586, 106, 750, 248, 609, 142, 141
00587, 121, 731, 239, 613, 118, 118
00588, 133, 731, 251, 613, 118, 118
00589, 106, 736, 248, 595, 142, 141
00590, 120, 736, 262, 595, 142, 141
00591, 133, 719, 251, 601, 118, 118
00592, 135, 722, 276, 580, 141, 142
00593, 145, 707, 263, 589, 118, 118
00594, 120, 707, 262, 566, 142, 141
00595, 135, 707, 276, 566, 141, 141
00596, 133, 695, 251, 577, 118, 118
00597, 120, 707, 262, 566, 142, 141
00598, 120, 707, 262, 566, 142, 141
00599, 133, 695, 251, 577, 118, 118
00600, 121, 695, 239, 577, 118, 118
00601, 106, 707, 248, 566, 142, 141
00602, 109, 695, 227, 577, 118, 118
00603, 92, 707, 233, 566, 141, 141
00604, 109, 695, 227, 577, 118, 118
00605, 109, 695, 227, 577, 118, 118
00606, 109, 695, 227, 577, 118, 118
00607, 109, 695, 227, 577, 118, 118
00608, 92, 707, 233, 566, 141, 141
00609, 109, 695, 227, 577, 118, 118
00610, 109, 695, 227, 577, 118, 118
00611, 109, 695, 227, 577, 118, 118
00612, 92, 707, 233, 566, 141, 141
00613, 92, 707, 233, 566, 141, 141
00614, 92, 707, 233, 566, 141, 141
00615, 92, 707, 233, 566, 141, 141
00616, 92, 707, 233, 566, 141, 141
00617, 92, 707, 233, 566, 141, 141
00618, 92, 707, 233, 566, 141, 141
00619, 92, 707, 233, 566, 141, 141
00620, 77, 707, 219, 566, 142, 141
00621, 77, 707, 219, 566, 142, 141
00622, 92, 707, 233, 566, 141, 141
00623, 92, 707, 233, 566, 141, 141
00624, 92, 707, 233, 566, 141, 141
00625, 77, 707, 219, 566, 142, 141
00626, 77, 707, 219, 566, 142, 141
00627, 77, 707, 219, 566, 142, 141
00628, 77, 707, 219, 566, 142, 141
00629, 109, 707, 227, 589, 118, 118
00630, 109, 707, 227, 589, 118, 118
00631, 97, 695, 215, 577, 118, 118
00632, 97, 695, 215, 577, 118, 118
00633, 97, 695, 215, 577, 118, 118
00634, 97, 695, 215, 577, 118, 118
00635, 97, 695, 215, 577, 118, 118
00636, 77, 707, 219, 566, 142, 141
00637, 77, 707, 219, 566, 142, 141
00638, 77, 707, 219, 566, 142, 141
00639, 109, 695, 227, 577, 118, 118
00640, 97, 683, 215, 565, 118, 118
00641, 109, 695, 227, 577, 118, 118
00642, 92, 693, 233, 552, 141, 141
00643, 77, 693, 219, 552, 142, 141
00644, 97, 683, 215, 565, 118, 118
00645, 77, 693, 219, 552, 142, 141
00646, 77, 693, 219, 552, 142, 141
00647, 77, 693, 219, 552, 142, 141
00648, 77, 693, 219, 552, 142, 141
00649, 92, 693, 233, 552, 141, 141
00650, 92, 693, 233, 552, 141, 141
00651, 92, 693, 233, 552, 141, 141
00652, 92, 693, 233, 552, 141, 141
00653, 92, 693, 233, 552, 141, 141
00654, 77, 693, 219, 552, 142, 141
00655, 77, 693, 219, 552, 142, 141
00656, 77, 693, 219, 552, 142, 141
00657, 77, 679, 219, 537, 142, 142
00658, 77, 693, 219, 552, 142, 141
00659, 77, 693, 219, 552, 142, 141
00660, 77, 693, 219, 552, 142, 141
00661, 77, 693, 219, 552, 142, 141
00662, 77, 693, 219, 552, 142, 141
00663, 77, 693, 219, 552, 142, 141
00664, 77, 693, 219, 552, 142, 141
00665, 77, 693, 219, 552, 142, 141
00666, 77, 693, 219, 552, 142, 141
00667, 77, 693, 219, 552, 142, 141
00668, 77, 693, 219, 552, 142, 141
00669, 77, 693, 219, 552, 142, 141
00670, 77, 693, 219, 552, 142, 141
00671, 77, 693, 219, 552, 142, 141
00672, 77, 693, 219, 552, 142, 141
00673, 109, 683, 227, 565, 118, 118
00674, 77, 693, 219, 552, 142, 141
00675, 77, 693, 219, 552, 142, 141
00676, 77, 693, 219, 552, 142, 141
00677, 77, 693, 219, 552, 142, 141
00678, 77, 693, 219, 552, 142, 141
00679, 77, 693, 219, 552, 142, 141
00680, 77, 693, 219, 552, 142, 141
00681, 77, 693, 219, 552, 142, 141
00682, 77, 693, 219, 552, 142, 141
00683, 77, 693, 219, 552, 142, 141
00684, 77, 693, 219, 552, 142, 141
00685, 92, 693, 233, 552, 141, 141
00686, 92, 693, 233, 552, 141, 141
00687, 97, 683, 215, 565, 118, 118
00688, 97, 683, 215, 565, 118, 118
00689, 97, 683, 215, 565, 118, 118
00690, 97, 683, 215, 565, 118, 118
00691, 97, 683, 215, 565, 118, 118
00692, 97, 683, 215, 565, 118, 118
00693, 97, 683, 215, 565, 118, 118
00694, 97, 683, 215, 565, 118, 118
00695, 97, 683, 215, 565, 118, 118
00696, 109, 695, 227, 577, 118, 118
00697, 92, 693, 233, 552, 141, 141
00698, 92, 693, 233, 552, 141, 141
00699, 92, 693, 233, 552, 141, 141
00700, 92, 693, 233, 552, 141, 141
00701, 92, 693, 233, 552, 141, 141
00702, 92, 693, 233, 552, 141, 141
00703, 92, 693, 233, 552, 141, 141
00704, 92, 693, 233, 552, 141, 141
00705, 92, 693, 233, 552, 141, 141
00706, 92, 693, 233, 552, 141, 141
00707, 92, 693, 233, 552, 141, 141
00708, 92, 693, 233, 552, 141, 141
00709, 92, 693, 233, 552, 141, 141
00710, 97, 671, 215, 553, 118, 118
00711, 109, 671, 227, 553, 118, 118
00712, 121, 683, 239, 565, 118, 118
00713, 92, 679, 233, 537, 141, 142
00714, 121, 671, 239, 553, 118, 118
00715, 121, 671, 239, 553, 118, 118
00716, 121, 671, 239, 553, 118, 118
00717, 121, 671, 239, 553, 118, 118
00718, 109, 671, 227, 553, 118, 118
00719, 109, 671, 227, 553, 118, 118
00720, 109, 659, 227, 541, 118, 118
00721, 121, 671, 239, 553, 118, 118
00722, 121, 671, 239, 553, 118, 118
00723, 109, 659, 227, 541, 118, 118
00724, 109, 659, 227, 541, 118, 118
00725, 109, 659, 227, 541, 118, 118
00726, 109, 659, 227, 541, 118, 118
00727, 109, 659, 227, 541, 118, 118
00728, 109, 659, 227, 541, 118, 118
00729, 109, 659, 227, 541, 118, 118
00730, 109, 659, 227, 541, 118, 118
00731, 109, 659, 227, 541, 118, 118
00732, 109, 659, 227, 541, 118, 118
00733, 109, 659, 227, 541, 118, 118
00734, 109, 659, 227, 541, 118, 118
00735, 109, 659, 227, 541, 118, 118
00736, 109, 659, 227, 541, 118, 118
00737, 109, 659, 227, 541, 118, 118
00738, 109, 659, 227, 541, 118, 118
00739, 109, 659, 227, 541, 118, 118
00740, 109, 659, 227, 541, 118, 118
00741, 109, 659, 227, 541, 118, 118
00742, 92, 679, 233, 537, 141, 142
00743, 97, 659, 215, 541, 118, 118
00744, 109, 659, 227, 541, 118, 118
00745, 109, 659, 227, 541, 118, 118
00746, 109, 659, 227, 541, 118, 118
00747, 109, 659, 227, 541, 118, 118
00748, 109, 659, 227, 541, 118, 118
00749, 109, 659, 227, 541, 118, 118
00750, 109, 659, 227, 541, 118, 118
00751, 109, 659, 227, 541, 118, 118
00752, 109, 659, 227, 541, 118, 118
00753, 109, 659, 227, 541, 118, 118
00754, 109, 659, 227, 541, 118, 118
00755, 109, 659, 227, 541, 118, 118
00756, 109, 659, 227, 541, 118, 118
00757, 109, 659, 227, 541, 118, 118
00758, 109, 659, 227, 541, 118, 118
00759, 109, 659, 227, 541, 118, 118
00760, 92, 679, 233, 537, 141, 142
00761, 92, 679, 233, 537, 141, 142
00762, 92, 679, 233, 537, 141, 142
00763, 92, 679, 233, 537, 141, 142
00764, 97, 659, 215, 541, 118, 118
00765, 97, 659, 215, 541, 118, 118
00766, 97, 659, 215, 541, 118, 118
00767, 97, 659, 215, 541, 118, 118
00768, 97, 659, 215, 541, 118, 118
00769, 97, 659, 215, 541, 118, 118
00770, 97, 659, 215, 541, 118, 118
00771, 109, 647, 227, 530, 118, 117
00772, 109, 647, 227, 530, 118, 117
00773, 97, 659, 215, 541, 118, 118
00774, 97, 659, 215, 541, 118, 118
00775, 97, 659, 215, 541, 118, 118
00776, 109, 659, 227, 541, 118, 118
00777, 109, 659, 227, 541, 118, 118
00778, 109, 659, 227, 541, 118, 118
00779, 109, 659, 227, 541, 118, 118
00780, 109, 659, 227, 541, 118, 118
00781, 92, 664, 233, 523, 141, 141
00782, 109, 659, 227, 541, 118, 118
00783, 109, 659, 227, 541, 118, 118
00784, 109, 659, 227, 541, 118, 118
00785, 109, 659, 227, 541, 118, 118
00786, 109, 659, 227, 541, 118, 118
00787, 109, 659, 227, 541, 118, 118
00788, 109, 671, 227, 553, 118, 118
00789, 109, 671, 227, 553, 118, 118
00790, 109, 659, 227, 541, 118, 118
00791, 109, 659, 227, 541, 118, 118
00792, 109, 659, 227, 541, 118, 118
00793, 121, 671, 239, 553, 118, 118
00794, 121, 671, 239, 553, 118, 118
00795, 121, 671, 239, 553, 118, 118
00796, 109, 671, 227, 553, 118, 118
00797, 109, 671, 227, 553, 118, 118
00798, 109, 671, 227, 553, 118, 118
00799, 109, 671, 227, 553, 118, 118
00800, 109, 671, 227, 553, 118, 118
00801, 97, 671, 215, 553, 118, 118
00802, 97, 671, 215, 553, 118, 118
00803, 97, 671, 215, 553, 118, 118
00804, 97, 671, 215, 553, 118, 118
00805, 97, 671, 215, 553, 118, 118
00806, 97, 671, 215, 553, 118, 118
00807, 97, 671, 215, 553, 118, 118
00808, 97, 671, 215, 553, 118, 118
00809, 97, 671, 215, 553, 118, 118
00810, 97, 671, 215, 553, 118, 118
00811, 97, 671, 215, 553, 118, 118
00812, 97, 671, 215, 553, 118, 118
00813, 97, 671, 215, 553, 118, 118
00814, 97, 671, 215, 553, 118, 118
00815, 97, 671, 215, 553, 118, 118
00816, 109, 671, 227, 553, 118, 118
00817, 109, 671, 227, 553, 118, 118
00818, 109, 671, 227, 553, 118, 118
00819, 109, 671, 227, 553, 118, 118
00820, 109, 671, 227, 553, 118, 118
00821, 109, 671, 227, 553, 118, 118
00822, 109, 671, 227, 553, 118, 118
00823, 109, 671, 227, 553, 118, 118
00824, 109, 671, 227, 553, 118, 118
00825, 109, 671, 227, 553, 118, 118
00826, 109, 671, 227, 553, 118, 118
00827, 109, 671, 227, 553, 118, 118
00828, 109, 671, 227, 553, 118, 118
00829, 109, 671, 227, 553, 118, 118
00830, 109, 671, 227, 553, 118, 118
00831, 109, 671, 227, 553, 118, 118
00832, 109, 671, 227, 553, 118, 118
00833, 109, 671, 227, 553, 118, 118
00834, 109, 671, 227, 553, 118, 118
00835, 109, 671, 227, 553, 118, 118
00836, 109, 671, 227, 553, 118, 118
00837, 121, 671, 239, 553, 118, 118
00838, 121, 671, 239, 553, 118, 118
00839, 121, 671, 239, 553, 118, 118
00840, 97, 659, 215, 541, 118, 118
00841, 97, 659, 215, 541, 118, 118
00842, 97, 659, 215, 541, 118, 118
00843, 109, 659, 227, 541, 118, 118
00844, 109, 659, 227, 541, 118, 118
00845, 109, 659, 227, 541, 118, 118
00846, 109, 659, 227, 541, 118, 118
00847, 109, 659, 227, 541, 118, 118
00848, 97, 659, 215, 541, 118, 118
00849, 97, 659, 215, 541, 118, 118
00850, 97, 659, 215, 541, 118, 118
00851, 97, 659, 215, 541, 118, 118
00852, 97, 659, 215, 541, 118, 118
00853, 97, 659, 215, 541, 118, 118
00854, 97, 659, 215, 541, 118, 118
00855, 121, 671, 239, 553, 118, 118
00856, 121, 671, 239, 553, 118, 118
00857, 109, 671, 227, 553, 118, 118
00858, 109, 671, 227, 553, 118, 118
00859, 121, 671, 239, 553, 118, 118
00860, 121, 671, 239, 553, 118, 118
00861, 121, 671, 239, 553, 118, 118
00862, 121, 671, 239, 553, 118, 118
00863, 121, 671, 239, 553, 118, 118
00864, 121, 671, 239, 553, 118, 118
00865, 121, 671, 239, 553, 118, 118
00866, 121, 671, 239, 553, 118, 118
00867, 121, 671, 239, 553, 118, 118
00868, 121, 671, 239, 553, 118, 118
00869, 121, 671, 239, 553, 118, 118
00870, 121, 671, 239, 553, 118, 118
00871, 120, 679, 262, 537, 142, 142
00872, 120, 679, 262, 537, 142, 142
00873, 106, 693, 248, 552, 142, 141
00874, 106, 693, 248, 552, 142, 141
00875, 106, 693, 248, 552, 142, 141
00876, 121, 683, 239, 565, 118, 118
00877, 121, 683, 239, 565, 118, 118
00878, 121, 683, 239, 565, 118, 118
00879, 92, 707, 233, 566, 141, 141
00880, 92, 707, 233, 566, 141, 141
00881, 109, 695, 227, 577, 118, 118
00882, 106, 707, 248, 566, 142, 141
00883, 106, 707, 248, 566, 142, 141
00884, 106, 707, 248, 566, 142, 141
00885, 109, 707, 227, 589, 118, 118
00886, 121, 707, 239, 589, 118, 118
00887, 121, 707, 239, 589, 118, 118
00888, 92, 722, 233, 580, 141, 142
00889, 120, 736, 262, 595, 142, 141
00890, 121, 719, 239, 601, 118, 118
00891, 121, 719, 239, 601, 118, 118
00892, 120, 722, 262, 580, 142, 142
00893, 106, 736, 248, 595, 142, 141
00894, 120, 750, 262, 609, 142, 141
00895, 120, 750, 262, 609, 142, 141
00896, 133, 731, 251, 613, 118, 118
00897, 133, 731, 251, 613, 118, 118
00898, 106, 750, 248, 609, 142, 141
00899, 106, 750, 248, 609, 142, 141
00900, 121, 743, 239, 625, 118, 118
00901, 92, 750, 233, 609, 141, 141
00902, 106, 765, 248, 623, 142, 142
00903, 106, 765, 248, 623, 142, 142
00904, 106, 765, 248, 623, 142, 142
00905, 121, 755, 239, 637, 118, 118
00906, 92, 779, 233, 638, 141, 141
00907, 92, 779, 233, 638, 141, 141
00908, 92, 779, 233, 638, 141, 141
00909, 92, 779, 233, 638, 141, 141
00910, 92, 779, 233, 638, 141, 141
00911, 92, 793, 233, 652, 141, 141
00912, 74, 800, 244, 630, 170, 170
00913, 92, 793, 233, 652, 141, 141
00914, 92, 793, 233, 652, 141, 141
00915, 92, 793, 233, 652, 141, 141
00916, 92, 793, 233, 652, 141, 141
00917, 92, 793, 233, 652, 141, 141
00918, 106, 779, 248, 638, 142, 141
00919, 106, 779, 248, 638, 142, 141
00920, 106, 779, 248, 638, 142, 141
00921, 106, 779, 248, 638, 142, 141
00922, 106, 793, 248, 652, 142, 141
00923, 106, 793, 248, 652, 142, 141
00924, 106, 765, 248, 623, 142, 142
00925, 106, 765, 248, 623, 142, 142
00926, 106, 779, 248, 638, 142, 141
00927, 106, 779, 248, 638, 142, 141
00928, 106, 779, 248, 638, 142, 141
00929, 106, 779, 248, 638, 142, 141
00930, 106, 779, 248, 638, 142, 141
00931, 106, 779, 248, 638, 142, 141
00932, 106, 779, 248, 638, 142, 141
00933, 106, 779, 248, 638, 142, 141
00934, 121, 779, 239, 661, 118, 118
00935, 121, 779, 239, 661, 118, 118
00936, 106, 793, 248, 652, 142, 141
00937, 106, 793, 248, 652, 142, 141
00938, 106, 793, 248, 652, 142, 141
00939, 106, 793, 248, 652, 142, 141
00940, 106, 793, 248, 652, 142, 141
00941, 92, 793, 233, 652, 141, 141
00942, 92, 793, 233, 652, 141, 141
00943, 92, 793, 233, 652, 141, 141
00944, 106, 793, 248, 652, 142, 141
00945, 106, 793, 248, 652, 142, 141
00946, 92, 779, 233, 638, 141, 141
00947, 92, 779, 233, 638, 141, 141
00948, 106, 779, 248, 638, 142, 141
00949, 92, 765, 233, 623, 141, 142
00950, 92, 765, 233, 623, 141, 142
00951, 106, 750, 248, 609, 142, 141
00952, 97, 731, 215, 613, 118, 118
00953, 109, 731, 227, 613, 118, 118
00954, 121, 731, 239, 613, 118, 118
00955, 109, 719, 227, 601, 118, 118
00956, 121, 707, 239, 589, 118, 118
00957, 121, 707, 239, 589, 118, 118
00958, 106, 707, 248, 566, 142, 141
00959, 121, 695, 239, 577, 118, 118
00960, 121, 695, 239, 577, 118, 118
00961, 109, 683, 227, 565, 118, 118
00962, 121, 683, 239, 565, 118, 118
00963, 121, 683, 239, 565, 118, 118
00964, 106, 693, 248, 552, 142, 141
00965, 106, 693, 248, 552, 142, 141
00966, 106, 693, 248, 552, 142, 141
00967, 106, 693, 248, 552, 142, 141
00968, 106, 693, 248, 552, 142, 141
00969, 92, 693, 233, 552, 141, 141
00970, 92, 693, 233, 552, 141, 141
00971, 92, 693, 233, 552, 141, 141
00972, 109, 671, 227, 553, 118, 118
00973, 109, 671, 227, 553, 118, 118
00974, 109, 671, 227, 553, 118, 118
00975, 109, 671, 227, 553, 118, 118
00976, 109, 671, 227, 553, 118, 118
00977, 121, 683, 239, 565, 118, 118
00978, 121, 683, 239, 565, 118, 118
00979, 121, 683, 239, 565, 118, 118
00980, 106, 693, 248, 552, 142, 141
00981, 106, 693, 248, 552, 142, 141
00982, 106, 693, 248, 552, 142, 141
00983, 106, 693, 248, 552, 142, 141
00984, 106, 693, 248, 552, 142, 141
00985, 106, 693, 248, 552, 142, 141
00986, 106, 693, 248, 552, 142, 141
00987, 121, 683, 239, 565, 118, 118
00988, 121, 683, 239, 565, 118, 118
00989, 121, 683, 239, 565, 118, 118
00990, 121, 683, 239, 565, 118, 118
00991, 109, 671, 227, 553, 118, 118
00992, 109, 671, 227, 553, 118, 118
00993, 121, 683, 239, 565, 118, 118
00994, 121, 671, 239, 553, 118, 118
00995, 121, 671, 239, 553, 118, 118
00996, 121, 671, 239, 553, 118, 118
00997, 121, 671, 239, 553, 118, 118
00998, 109, 659, 227, 541, 118, 118
00999, 109, 659, 227, 541, 118, 118
01000, 109, 659, 227, 541, 118, 118
01001, 109, 659, 227, 541, 118, 118
01002, 109, 659, 227, 541, 118, 118
01003, 109, 659, 227, 541, 118, 118
01004, 109, 659, 227, 541, 118, 118
01005, 109, 659, 227, 541, 118, 118
01006, 109, 659, 227, 541, 118, 118
01007, 109, 659, 227, 541, 118, 118
01008, 109, 659, 227, 541, 118, 118
01009, 109, 659, 227, 541, 118, 118
01010, 109, 659, 227, 541, 118, 118
01011, 109, 659, 227, 541, 118, 118
01012, 109, 659, 227, 541, 118, 118
01013, 109, 659, 227, 541, 118, 118
01014, 121, 671, 239, 553, 118, 118
01015, 121, 671, 239, 553, 118, 118
01016, 109, 659, 227, 541, 118, 118
01017, 109, 659, 227, 541, 118, 118
01018, 109, 659, 227, 541, 118, 118
01019, 121, 659, 239, 541, 118, 118
01020, 121, 659, 239, 541, 118, 118
01021, 121, 659, 239, 541, 118, 118
01022, 121, 659, 239, 541, 118, 118
01023, 121, 659, 239, 541, 118, 118
01024, 121, 647, 239, 530, 118, 117
01025, 121, 647, 239, 530, 118, 117
01026, 121, 647, 239, 530, 118, 117
01027, 121, 647, 239, 530, 118, 117
01028, 121, 647, 239, 530, 118, 117
01029, 121, 636, 239, 518, 118, 118
01030, 121, 636, 239, 518, 118, 118
01031, 121, 636, 239, 518, 118, 118
01032, 121, 647, 239, 530, 118, 117
01033, 121, 647, 239, 530, 118, 117
01034, 121, 647, 239, 530, 118, 117
01035, 121, 647, 239, 530, 118, 117
01036, 121, 647, 239, 530, 118, 117
01037, 121, 647, 239, 530, 118, 117
01038, 121, 647, 239, 530, 118, 117
01039, 121, 636, 239, 518, 118, 118
01040, 109, 647, 227, 530, 118, 117
01041, 109, 647, 227, 530, 118, 117
01042, 109, 647, 227, 530, 118, 117
01043, 109, 647, 227, 530, 118, 117
01044, 109, 647, 227, 530, 118, 117
01045, 106, 650, 248, 509, 142, 141
01046, 106, 650, 248, 509, 142, 141
01047, 106, 650, 248, 509, 142, 141
01048, 106, 650, 248, 509, 142, 141
01049, 121, 659, 239, 541, 118, 118
01050, 121, 659, 239, 541, 118, 118
01051, 121, 659, 239, 541, 118, 118
01052, 121, 659, 239, 541, 118, 118
01053, 109, 659, 227, 541, 118, 118
01054, 109, 659, 227, 541, 118, 118
01055, 109, 659, 227, 541, 118, 118
01056, 109, 659, 227, 541, 118, 118
01057, 109, 659, 227, 541, 118, 118
01058, 121, 659, 239, 541, 118, 118
01059, 121, 659, 239, 541, 118, 118
01060, 121, 659, 239, 541, 118, 118
01061, 121, 659, 239, 541, 118, 118
01062, 121, 659, 239, 541, 118, 118
01063, 109, 659, 227, 541, 118, 118
01064, 109, 659, 227, 541, 118, 118
01065, 109, 659, 227, 541, 118, 118
01066, 109, 659, 227, 541, 118, 118
01067, 121, 659, 239, 541, 118, 118
01068, 121, 659, 239, 541, 118, 118
01069, 121, 659, 239, 541, 118, 118
01070, 121, 659, 239, 541, 118, 118
01071, 121, 659, 239, 541, 118, 118
01072, 120, 664, 262, 523, 142, 141
01073, 121, 659, 239, 541, 118, 118
01074, 133, 671, 251, 553, 118, 118
01075, 133, 659, 251, 541, 118, 118
01076, 133, 659, 251, 541, 118, 118
01077, 133, 659, 251, 541, 118, 118
01078, 133, 659, 251, 541, 118, 118
01079, 133, 659, 251, 541, 118, 118
01080, 121, 659, 239, 541, 118, 118
01081, 121, 659, 239, 541, 118, 118
01082, 121, 659, 239, 541, 118, 118
01083, 120, 664, 262, 523, 142, 141
01084, 121, 659, 239, 541, 118, 118
01085, 121, 659, 239, 541, 118, 118
01086, 121, 659, 239, 541, 118, 118
01087, 121, 659, 239, 541, 118, 118
01088, 121, 659, 239, 541, 118, 118
01089, 121, 659, 239, 541, 118, 118
01090, 121, 659, 239, 541, 118, 118
01091, 109, 659, 227, 541, 118, 118
01092, 109, 659, 227, 541, 118, 118
01093, 109, 659, 227, 541, 118, 118
01094, 109, 659, 227, 541, 118, 118
01095, 109, 659, 227, 541, 118, 118
01096, 109, 659, 227, 541, 118, 118
01097, 109, 659, 227, 541, 118, 118
01098, 109, 659, 227, 541, 118, 118
01099, 109, 659, 227, 541, 118, 118
01100, 109, 659, 227, 541, 118, 118
01101, 109, 659, 227, 541, 118, 118
01102, 109, 659, 227, 541, 118, 118
01103, 109, 659, 227, 541, 118, 118
01104, 109, 659, 227, 541, 118, 118
01105, 109, 659, 227, 541, 118, 118
01106, 121, 659, 239, 541, 118, 118
01107, 121, 659, 239, 541, 118, 118
01108, 121, 659, 239, 541, 118, 118
01109, 121, 659, 239, 541, 118, 118
01110, 121, 659, 239, 541, 118, 118
01111, 109, 647, 227, 530, 118, 117
01112, 109, 647, 227, 530, 118, 117
01113, 109, 647, 227, 530, 118, 117
01114, 109, 647, 227, 530, 118, 117
01115, 109, 647, 227, 530, 118, 117
01116, 109, 647, 227, 530, 118, 117
01117, 106, 650, 248, 509, 142, 141
01118, 106, 650, 248, 509, 142, 141
01119, 106, 650, 248, 509, 142, 141
01120, 106, 650, 248, 509, 142, 141
01121, 109, 647, 227, 530, 118, 117
01122, 92, 664, 233, 523, 141, 141
01123, 92, 664, 233, 523, 141, 141
01124, 92, 664, 233, 523, 141, 141
01125, 92, 664, 233, 523, 141, 141
01126, 109, 659, 227, 541, 118, 118
01127, 97, 659, 215, 541, 118, 118
01128, 97, 671, 215, 553, 118, 118
01129, 97, 671, 215, 553, 118, 118
01130, 109, 683, 227, 565, 118, 118
01131, 109, 683, 227, 565, 118, 118
01132, 77, 693, 219, 552, 142, 141
01133, 77, 693, 219, 552, 142, 141
01134, 97, 683, 215, 565, 118, 118
01136, 92, 693, 233, 552, 141, 141
01137, 92, 693, 233, 552, 141, 141
01138, 77, 707, 219, 566, 142, 141
01139, 77, 707, 219, 566, 142, 141
01140, 77, 707, 219, 566, 142, 141
01141, 77, 707, 219, 566, 142, 141
01142, 77, 707, 219, 566, 142, 141
01143, 77, 707, 219, 566, 142, 141
01145, 77, 707, 219, 566, 142, 141
01146, 77, 707, 219, 566, 142, 141
01147, 77, 707, 219, 566, 142, 141
01149, 77, 722, 219, 580, 142, 142
01150, 77, 722, 219, 580, 142, 142
01151, 109, 707, 227, 589, 118, 118
01152, 92, 707, 233, 566, 141, 141
01153, 92, 707, 233, 566, 141, 141
01154, 92, 722, 233, 580, 141, 142
01155, 92, 722, 233, 580, 141, 142
01156, 92, 722, 233, 580, 141, 142
01157, 109, 707, 227, 589, 118, 118
01158, 109, 707, 227, 589, 118, 118
01159, 109, 707, 227, 589, 118, 118
01160, 121, 707, 239, 589, 118, 118
01161, 109, 695, 227, 577, 118, 118
01162, 121, 683, 239, 565, 118, 118
01163, 121, 683, 239, 565, 118, 118
01164, 121, 683, 239, 565, 118, 118
01165, 121, 683, 239, 565, 118, 118
01166, 121, 683, 239, 565, 118, 118
01167, 106, 693, 248, 552, 142, 141
01168, 106, 693, 248, 552, 142, 141
01169, 121, 683, 239, 565, 118, 118
01170, 121, 683, 239, 565, 118, 118
01171, 121, 671, 239, 553, 118, 118
01172, 121, 683, 239, 565, 118, 118
01173, 121, 683, 239, 565, 118, 118
01174, 121, 671, 239, 553, 118, 118
01175, 121, 671, 239, 553, 118, 118
01176, 121, 647, 239, 530, 118, 117
01177, 106, 679, 248, 537, 142, 142
01178, 106, 679, 248, 537, 142, 142
01179, 120, 664, 262, 523, 142, 141
01180, 120, 664, 262, 523, 142, 141
01181, 120, 650, 262, 509, 142, 141
01182, 120, 650, 262, 509, 142, 141
01183, 120, 650, 262, 509, 142, 141
01184, 106, 636, 248, 494, 142, 142
01188, 121, 624, 239, 506, 118, 118
01189, 121, 624, 239, 506, 118, 118
01199, 109, 636, 227, 518, 118, 118
01200, 106, 664, 248, 523, 142, 141
01201, 106, 664, 248, 523, 142, 141
01202, 106, 664, 248, 523, 142, 141
01203, 106, 664, 248, 523, 142, 141
01204, 106, 664, 248, 523, 142, 141
01205, 106, 664, 248, 523, 142, 141
01206, 106, 664, 248, 523, 142, 141
01207, 97, 659, 215, 541, 118, 118
01208, 109, 647, 227, 530, 118, 117
01209, 109, 659, 227, 541, 118, 118
01210, 109, 671, 227, 553, 118, 118
01211, 97, 671, 215, 553, 118, 118
01212, 97, 671, 215, 553, 118, 118
01213, 106, 679, 248, 537, 142, 142
01214, 106, 679, 248, 537, 142, 142
01215, 106, 679, 248, 537, 142, 142
01216, 92, 693, 233, 552, 141, 141
01217, 92, 693, 233, 552, 141, 141
01218, 92, 707, 233, 566, 141, 141
01219, 106, 707, 248, 566, 142, 141
01220, 92, 707, 233, 566, 141, 141
01221, 106, 722, 248, 580, 142, 142
01222, 106, 722, 248, 580, 142, 142
01223, 92, 707, 233, 566, 141, 141
01224, 109, 719, 227, 601, 118, 118
01225, 92, 722, 233, 580, 141, 142
01226, 92, 750, 233, 609, 141, 141
01227, 92, 750, 233, 609, 141, 141
01228, 92, 736, 233, 595, 141, 141
01229, 92, 736, 233, 595, 141, 141
01230, 92, 750, 233, 609, 141, 141
01231, 92, 765, 233, 623, 141, 142
01232, 92, 765, 233, 623, 141, 142
01233, 92, 765, 233, 623, 141, 142
01234, 92, 750, 233, 609, 141, 141
01235, 92, 750, 233, 609, 141, 141
01236, 92, 750, 233, 609, 141, 141
01237, 92, 765, 233, 623, 141, 142
01238, 92, 765, 233, 623, 141, 142
01239, 97, 743, 215, 625, 118, 118
01240, 106, 765, 248, 623, 142, 142
01241, 106, 750, 248, 609, 142, 141
01242, 109, 731, 227, 613, 118, 118
01243, 121, 731, 239, 613, 118, 118
01244, 121, 731, 239, 613, 118, 118
01245, 121, 719, 239, 601, 118, 118
01246, 106, 722, 248, 580, 142, 142
01247, 92, 722, 233, 580, 141, 142
01248, 106, 707, 248, 566, 142, 141
01249, 106, 693, 248, 552, 142, 141
01250, 92, 679, 233, 537, 141, 142
01251, 120, 679, 262, 537, 142, 142
01252, 120, 664, 262, 523, 142, 141
01253, 106, 650, 248, 509, 142, 141
01254, 106, 636, 248, 494, 142, 142
01255, 92, 621, 233, 480, 141, 141
01256, 92, 621, 233, 480, 141, 141
01257, 106, 607, 248, 466, 142, 141
01258, 106, 593, 248, 451, 142, 142
01259, 92, 593, 233, 451, 141, 142
01260, 106, 578, 248, 437, 142, 141
01261, 121, 564, 239, 446, 118, 118
01262, 106, 564, 248, 423, 142, 141
01264, 121, 540, 239, 422, 118, 118
01265, 106, 550, 248, 408, 142, 142
01266, 106, 550, 248, 408, 142, 142
01267, 109, 528, 227, 410, 118, 118
01268, 106, 535, 248, 394, 142, 141
01269, 106, 535, 248, 394, 142, 141
01270, 106, 535, 248, 394, 142, 141
01271, 92, 521, 233, 380, 141, 141
01272, 92, 521, 233, 380, 141, 141
01273, 92, 521, 233, 380, 141, 141
01274, 106, 535, 248, 394, 142, 141
01275, 106, 535, 248, 394, 142, 141
01276, 121, 528, 239, 410, 118, 118
01277, 121, 528, 239, 410, 118, 118
01278, 109, 528, 227, 410, 118, 118
01279, 106, 550, 248, 408, 142, 142
01280, 109, 540, 227, 422, 118, 118
01281, 92, 564, 233, 423, 141, 141
01282, 92, 564, 233, 423, 141, 141
01283, 92, 578, 233, 437, 141, 141
01284, 106, 578, 248, 437, 142, 141
01285, 106, 593, 248, 451, 142, 142
01286, 109, 588, 227, 470, 118, 118
01287, 106, 607, 248, 466, 142, 141
01288, 106, 621, 248, 480, 142, 141
01289, 92, 636, 233, 494, 141, 142
01290, 121, 636, 239, 518, 118, 118
01291, 121, 647, 239, 530, 118, 117
01292, 121, 659, 239, 541, 118, 118
01293, 106, 679, 248, 537, 142, 142
01294, 120, 693, 262, 552, 142, 141
01295, 120, 693, 262, 552, 142, 141
01296, 106, 707, 248, 566, 142, 141
01297, 92, 707, 233, 566, 141, 141
01298, 106, 722, 248, 580, 142, 142
01299, 121, 719, 239, 601, 118, 118
01300, 121, 719, 239, 601, 118, 118
01301, 106, 750, 248, 609, 142, 141
01302, 92, 750, 233, 609, 141, 141
01303, 92, 750, 233, 609, 141, 141
01304, 92, 750, 233, 609, 141, 141
01305, 92, 765, 233, 623, 141, 142
01306, 92, 750, 233, 609, 141, 141
01307, 109, 743, 227, 625, 118, 118
01308, 106, 750, 248, 609, 142, 141
01309, 106, 750, 248, 609, 142, 141
01310, 106, 750, 248, 609, 142, 141
01311, 109, 743, 227, 625, 118, 118
01312, 109, 743, 227, 625, 118, 118
01313, 92, 750, 233, 609, 141, 141
01314, 92, 750, 233, 609, 141, 141
01315, 109, 731, 227, 613, 118, 118
01316, 109, 731, 227, 613, 118, 118
01317, 92, 736, 233, 595, 141, 141
01318, 92, 736, 233, 595, 141, 141
01319, 97, 719, 215, 601, 118, 118
01320, 109, 719, 227, 601, 118, 118
01321, 92, 722, 233, 580, 141, 142
01322, 121, 719, 239, 601, 118, 118
01323, 121, 707, 239, 589, 118, 118
01324, 121, 707, 239, 589, 118, 118
01325, 121, 707, 239, 589, 118, 118
01326, 109, 707, 227, 589, 118, 118
01327, 109, 707, 227, 589, 118, 118
01328, 97, 707, 215, 589, 118, 118
01329, 92, 722, 233, 580, 141, 142
01330, 92, 722, 233, 580, 141, 142
01331, 109, 719, 227, 601, 118, 118
01332, 109, 719, 227, 601, 118, 118
01333, 109, 719, 227, 601, 118, 118
01334, 92, 736, 233, 595, 141, 141
01335, 92, 736, 233, 595, 141, 141
01336, 92, 736, 233, 595, 141, 141
01337, 92, 736, 233, 595, 141, 141
01338, 92, 736, 233, 595, 141, 141
01339, 92, 736, 233, 595, 141, 141
01340, 109, 731, 227, 613, 118, 118
01341, 92, 736, 233, 595, 141, 141
01342, 92, 736, 233, 595, 141, 141
01343, 92, 736, 233, 595, 141, 141
01344, 92, 736, 233, 595, 141, 141
01345, 92, 736, 233, 595, 141, 141
01346, 92, 736, 233, 595, 141, 141
01347, 92, 736, 233, 595, 141, 141
01348, 92, 736, 233, 595, 141, 141
01349, 109, 719, 227, 601, 118, 118
01350, 109, 719, 227, 601, 118, 118
01351, 109, 719, 227, 601, 118, 118
01352, 109, 719, 227, 601, 118, 118
01353, 92, 722, 233, 580, 141, 142
01354, 92, 722, 233, 580, 141, 142
01355, 92, 722, 233, 580, 141, 142
01356, 92, 722, 233, 580, 141, 142
01357, 92, 722, 233, 580, 141, 142
01358, 92, 722, 233, 580, 141, 142
01359, 92, 722, 233, 580, 141, 142
01360, 92, 722, 233, 580, 141, 142
01361, 109, 707, 227, 589, 118, 118
01362, 109, 707, 227, 589, 118, 118
01363, 92, 722, 233, 580, 141, 142
01364, 92, 722, 233, 580, 141, 142
01365, 92, 722, 233, 580, 141, 142
01366, 92, 722, 233, 580, 141, 142
01367, 92, 722, 233, 580, 141, 142
01368, 92, 722, 233, 580, 141, 142
01369, 92, 722, 233, 580, 141, 142
01370, 92, 722, 233, 580, 141, 142
01371, 92, 722, 233, 580, 141, 142
01372, 92, 722, 233, 580, 141, 142
01373, 92, 722, 233, 580, 141, 142
01374, 92, 722, 233, 580, 141, 142
01375, 92, 722, 233, 580, 141, 142
01376, 92, 722, 233, 580, 141, 142
01377, 92, 722, 233, 580, 141, 142
01378, 92, 722, 233, 580, 141, 142
01379, 92, 722, 233, 580, 141, 142
01380, 109, 707, 227, 589, 118, 118
01381, 109, 707, 227, 589, 118, 118
01382, 106, 707, 248, 566, 142, 141
01383, 106, 707, 248, 566, 142, 141
01384, 92, 707, 233, 566, 141, 141
01385, 92, 707, 233, 566, 141, 141
01386, 92, 707, 233, 566, 141, 141
01387, 92, 707, 233, 566, 141, 141
01388, 92, 707, 233, 566, 141, 141
01389, 109, 695, 227, 577, 118, 118
01390, 109, 695, 227, 577, 118, 118
01391, 109, 695, 227, 577, 118, 118
01392, 109, 695, 227, 577, 118, 118
01393, 109, 695, 227, 577, 118, 118
01394, 109, 695, 227, 577, 118, 118
01395, 109, 695, 227, 577, 118, 118
01396, 109, 695, 227, 577, 118, 118
01397, 109, 695, 227, 577, 118, 118
01398, 109, 695, 227, 577, 118, 118
01399, 109, 695, 227, 577, 118, 118
01400, 109, 695, 227, 577, 118, 118
01401, 97, 683, 215, 565, 118, 118
01402, 97, 683, 215, 565, 118, 118
01403, 97, 683, 215, 565, 118, 118
01404, 97, 683, 215, 565, 118, 118
01405, 97, 683, 215, 565, 118, 118
01406, 97, 683, 215, 565, 118, 118
01407, 97, 683, 215, 565, 118, 118
01408, 97, 683, 215, 565, 118, 118
01409, 97, 683, 215, 565, 118, 118
01410, 109, 683, 227, 565, 118, 118
01411, 109, 683, 227, 565, 118, 118
01412, 121, 683, 239, 565, 118, 118
01413, 121, 683, 239, 565, 118, 118
01414, 121, 683, 239, 565, 118, 118
01415, 121, 671, 239, 553, 118, 118
01416, 121, 671, 239, 553, 118, 118
01417, 121, 671, 239, 553, 118, 118
01418, 121, 671, 239, 553, 118, 118
01419, 121, 671, 239, 553, 118, 118
01420, 121, 671, 239, 553, 118, 118
01421, 121, 671, 239, 553, 118, 118
01422, 121, 671, 239, 553, 118, 118
01423, 121, 671, 239, 553, 118, 118
01424, 106, 679, 248, 537, 142, 142
01425, 106, 679, 248, 537, 142, 142
01426, 106, 679, 248, 537, 142, 142
01427, 106, 679, 248, 537, 142, 142
01428, 106, 679, 248, 537, 142, 142
01429, 106, 679, 248, 537, 142, 142
01430, 106, 679, 248, 537, 142, 142
01431, 109, 659, 227, 541, 118, 118
01432, 121, 671, 239, 553, 118, 118
01433, 121, 671, 239, 553, 118, 118
01434, 121, 671, 239, 553, 118, 118
01435, 121, 671, 239, 553, 118, 118
01436, 121, 671, 239, 553, 118, 118
01437, 121, 671, 239, 553, 118, 118
01438, 121, 671, 239, 553, 118, 118
01439, 121, 683, 239, 565, 118, 118
01440, 121, 683, 239, 565, 118, 118
01441, 121, 683, 239, 565, 118, 118
01442, 109, 671, 227, 553, 118, 118
01443, 109, 671, 227, 553, 118, 118
01444, 109, 683, 227, 565, 118, 118
01445, 109, 671, 227, 553, 118, 118
01446, 109, 683, 227, 565, 118, 118
01447, 109, 683, 227, 565, 118, 118
01448, 109, 683, 227, 565, 118, 118
01449, 121, 683, 239, 565, 118, 118
01450, 121, 683, 239, 565, 118, 118
01451, 121, 683, 239, 565, 118, 118
01452, 121, 683, 239, 565, 118, 118
01453, 109, 683, 227, 565, 118, 118
01454, 121, 695, 239, 577, 118, 118
01455, 109, 683, 227, 565, 118, 118
01456, 109, 683, 227, 565, 118, 118
01457, 109, 683, 227, 565, 118, 118
01458, 109, 683, 227, 565, 118, 118
01459, 109, 683, 227, 565, 118, 118
01460, 92, 693, 233, 552, 141, 141
01461, 92, 693, 233, 552, 141, 141
01462, 109, 671, 227, 553, 118, 118
01463, 109, 671, 227, 553, 118, 118
01464, 109, 671, 227, 553, 118, 118
01465, 109, 671, 227, 553, 118, 118
01466, 109, 671, 227, 553, 118, 118
01467, 109, 671, 227, 553, 118, 118
01468, 109, 671, 227, 553, 118, 118
01469, 109, 671, 227, 553, 118, 118
01470, 109, 671, 227, 553, 118, 118
01471, 109, 671, 227, 553, 118, 118
01472, 109, 671, 227, 553, 118, 118
01473, 109, 671, 227, 553, 118, 118
01474, 109, 671, 227, 553, 118, 118
01475, 109, 671, 227, 553, 118, 118
01476, 109, 671, 227, 553, 118, 118
01477, 121, 671, 239, 553, 118, 118
01478, 121, 671, 239, 553, 118, 118
01479, 109, 659, 227, 541, 118, 118
01480, 121, 659, 239, 541, 118, 118
01481, 109, 659, 227, 541, 118, 118
01482, 109, 647, 227, 530, 118, 117
01483, 109, 647, 227, 530, 118, 117
01484, 109, 647, 227, 530, 118, 117
01485, 92, 664, 233, 523, 141, 141
01486, 92, 664, 233, 523, 141, 141
01487, 92, 664, 233, 523, 141, 141
01488, 92, 664, 233, 523, 141, 141
01489, 109, 647, 227, 530, 118, 117
01490, 109, 647, 227, 530, 118, 117
01491, 92, 650, 233, 509, 141, 141
01492, 109, 647, 227, 530, 118, 117
01493, 97, 647, 215, 530, 118, 117
01494, 97, 647, 215, 530, 118, 117
01495, 109, 659, 227, 541, 118, 118
01496, 109, 659, 227, 541, 118, 118
01497, 92, 664, 233, 523, 141, 141
01498, 92, 664, 233, 523, 141, 141
01499, 109, 659, 227, 541, 118, 118
01500, 109, 659, 227, 541, 118, 118
01501, 109, 659, 227, 541, 118, 118
01502, 109, 659, 227, 541, 118, 118
01503, 97, 659, 215, 541, 118, 118
01504, 92, 664, 233, 523, 141, 141
01505, 92, 664, 233, 523, 141, 141
01506, 97, 659, 215, 541, 118, 118
01507, 97, 659, 215, 541, 118, 118
01508, 97, 659, 215, 541, 118, 118
01509, 97, 659, 215, 541, 118, 118
01510, 97, 659, 215, 541, 118, 118
01511, 97, 659, 215, 541, 118, 118
01512, 97, 659, 215, 541, 118, 118
01513, 97, 659, 215, 541, 118, 118
01514, 92, 664, 233, 523, 141, 141
01515, 92, 664, 233, 523, 141, 141
01516, 92, 664, 233, 523, 141, 141
01517, 92, 664, 233, 523, 141, 141
01518, 92, 664, 233, 523, 141, 141
01519, 92, 664, 233, 523, 141, 141
01520, 92, 664, 233, 523, 141, 141
01521, 92, 664, 233, 523, 141, 141
01522, 92, 664, 233, 523, 141, 141
01523, 92, 664, 233, 523, 141, 141
01524, 92, 664, 233, 523, 141, 141
01525, 92, 664, 233, 523, 141, 141
01526, 92, 664, 233, 523, 141, 141
01527, 92, 664, 233, 523, 141, 141
01528, 92, 664, 233, 523, 141, 141
01529, 92, 664, 233, 523, 141, 141
01530, 92, 664, 233, 523, 141, 141
01531, 106, 650, 248, 509, 142, 141
01532, 106, 664, 248, 523, 142, 141
01533, 133, 647, 251, 530, 118, 117
01534, 133, 647, 251, 530, 118, 117
01535, 145, 659, 263, 541, 118, 118
01536, 135, 664, 276, 523, 141, 141
01537, 145, 659, 263, 541, 118, 118
01538, 133, 659, 251, 541, 118, 118
01539, 133, 671, 251, 553, 118, 118
01540, 133, 671, 251, 553, 118, 118
01541, 133, 671, 251, 553, 118, 118
01542, 121, 683, 239, 565, 118, 118
01543, 121, 683, 239, 565, 118, 118
01544, 121, 695, 239, 577, 118, 118
01545, 121, 695, 239, 577, 118, 118
01546, 121, 695, 239, 577, 118, 118
01547, 121, 707, 239, 589, 118, 118
01548, 121, 707, 239, 589, 118, 118
01549, 133, 719, 251, 601, 118, 118
01550, 133, 719, 251, 601, 118, 118
01551, 133, 719, 251, 601, 118, 118
01552, 133, 719, 251, 601, 118, 118
01553, 133, 719, 251, 601, 118, 118
01554, 121, 731, 239, 613, 118, 118
01555, 121, 731, 239, 613, 118, 118
01556, 121, 731, 239, 613, 118, 118
01557, 121, 731, 239, 613, 118, 118
01558, 106, 750, 248, 609, 142, 141
01559, 106, 750, 248, 609, 142, 141
01560, 106, 750, 248, 609, 142, 141
01561, 106, 750, 248, 609, 142, 141
01562, 106, 750, 248, 609, 142, 141
01563, 106, 750, 248, 609, 142, 141
01564, 106, 750, 248, 609, 142, 141
01565, 106, 750, 248, 609, 142, 141
01566, 106, 750, 248, 609, 142, 141
01567, 92, 736, 233, 595, 141, 141
01568, 106, 736, 248, 595, 142, 141
01569, 120, 722, 262, 580, 142, 142
01570, 120, 722, 262, 580, 142, 142
01571, 120, 707, 262, 566, 142, 141
01572, 106, 707, 248, 566, 142, 141
01573, 120, 693, 262, 552, 142, 141
01574, 106, 693, 248, 552, 142, 141
01575, 106, 693, 248, 552, 142, 141
01576, 120, 664, 262, 523, 142, 141
01577, 106, 664, 248, 523, 142, 141
01578, 120, 650, 262, 509, 142, 141
01579, 106, 650, 248, 509, 142, 141
01580, 121, 624, 239, 506, 118, 118
01581, 92, 621, 233, 480, 141, 141
01582, 92, 621, 233, 480, 141, 141
01583, 92, 607, 233, 466, 141, 141
01584, 92, 593, 233, 451, 141, 142
01585, 92, 593, 233, 451, 141, 142
01586, 92, 593, 233, 451, 141, 142
01587, 92, 578, 233, 437, 141, 141
01588, 106, 578, 248, 437, 142, 141
01589, 106, 564, 248, 423, 142, 141
01590, 92, 564, 233, 423, 141, 141
01591, 106, 564, 248, 423, 142, 141
01592, 106, 550, 248, 408, 142, 142
01593, 106, 564, 248, 423, 142, 141
01594, 106, 564, 248, 423, 142, 141
01595, 106, 564, 248, 423, 142, 141
01596, 92, 564, 233, 423, 141, 141
01597, 106, 550, 248, 408, 142, 142
01598, 106, 550, 248, 408, 142, 142
01599, 106, 550, 248, 408, 142, 142
01600, 106, 550, 248, 408, 142, 142
01601, 92, 550, 233, 408, 141, 142
01602, 92, 550, 233, 408, 141, 142
01603, 92, 550, 233, 408, 141, 142
01604, 92, 550, 233, 408, 141, 142
01605, 74, 576, 244, 406, 170, 170
01606, 92, 564, 233, 423, 141, 141
01607, 92, 564, 233, 423, 141, 141
01608, 92, 564, 233, 423, 141, 141
01609, 92, 578, 233, 437, 141, 141
01610, 92, 578, 233, 437, 141, 141
01611, 106, 607, 248, 466, 142, 141
01612, 92, 593, 233, 451, 141, 142
01613, 92, 621, 233, 480, 141, 141
01614, 106, 621, 248, 480, 142, 141
01615, 77, 636, 219, 494, 142, 142
01616, 92, 650, 233, 509, 141, 141
01617, 92, 664, 233, 523, 141, 141
01618, 92, 664, 233, 523, 141, 141
01619, 121, 671, 239, 553, 118, 118
01620, 121, 683, 239, 565, 118, 118
01621, 106, 707, 248, 566, 142, 141
01622, 120, 707, 262, 566, 142, 141
01623, 106, 722, 248, 580, 142, 142
01624, 106, 736, 248, 595, 142, 141
01625, 121, 731, 239, 613, 118, 118
01626, 121, 731, 239, 613, 118, 118
01627, 92, 750, 233, 609, 141, 141
01628, 109, 743, 227, 625, 118, 118
01629, 77, 750, 219, 609, 142, 141
01630, 92, 765, 233, 623, 141, 142
01631, 92, 765, 233, 623, 141, 142
01632, 109, 767, 227, 649, 118, 118
01633, 109, 767, 227, 649, 118, 118
01634, 92, 779, 233, 638, 141, 141
01635, 109, 779, 227, 661, 118, 118
01636, 109, 779, 227, 661, 118, 118
01637, 109, 779, 227, 661, 118, 118
01638, 109, 779, 227, 661, 118, 118
01639, 109, 779, 227, 661, 118, 118
01640, 97, 767, 215, 649, 118, 118
01641, 109, 779, 227, 661, 118, 118
01642, 97, 767, 215, 649, 118, 118
01643, 97, 767, 215, 649, 118, 118
01644, 97, 755, 215, 637, 118, 118
01645, 97, 755, 215, 637, 118, 118
01646, 97, 743, 215, 625, 118, 118
01647, 92, 750, 233, 609, 141, 141
01648, 92, 750, 233, 609, 141, 141
01649, 92, 736, 233, 595, 141, 141
01650, 109, 719, 227, 601, 118, 118
01651, 92, 722, 233, 580, 141, 142
01652, 92, 722, 233, 580, 141, 142
01653, 92, 707, 233, 566, 141, 141
01654, 92, 693, 233, 552, 141, 141
01655, 121, 683, 239, 565, 118, 118
01656, 106, 693, 248, 552, 142, 141
01657, 106, 679, 248, 537, 142, 142
01658, 106, 679, 248, 537, 142, 142
01659, 121, 659, 239, 541, 118, 118
01660, 121, 659, 239, 541, 118, 118
01661, 121, 659, 239, 541, 118, 118
01662, 121, 659, 239, 541, 118, 118
01663, 121, 659, 239, 541, 118, 118
01664, 109, 647, 227, 530, 118, 117
01665, 109, 647, 227, 530, 118, 117
01666, 109, 647, 227, 530, 118, 117
01667, 97, 647, 215, 530, 118, 117
01668, 97, 647, 215, 530, 118, 117
01669, 97, 647, 215, 530, 118, 117
01670, 92, 664, 233, 523, 141, 141
01671, 92, 664, 233, 523, 141, 141
01672, 92, 664, 233, 523, 141, 141
01673, 92, 664, 233, 523, 141, 141
01674, 109, 659, 227, 541, 118, 118
01675, 109, 659, 227, 541, 118, 118
01676, 92, 664, 233, 523, 141, 141
01677, 92, 664, 233, 523, 141, 141
01678, 92, 664, 233, 523, 141, 141
01679, 92, 664, 233, 523, 141, 141
01680, 109, 659, 227, 541, 118, 118
01681, 109, 659, 227, 541, 118, 118
01682, 92, 664, 233, 523, 141, 141
01683, 92, 664, 233, 523, 141, 141
01684, 92, 664, 233, 523, 141, 141
01685, 92, 664, 233, 523, 141, 141
01686, 92, 664, 233, 523, 141, 141
01687, 92, 664, 233, 523, 141, 141
01688, 92, 664, 233, 523, 141, 141
01689, 92, 664, 233, 523, 141, 141
01690, 92, 664, 233, 523, 141, 141
01691, 109, 647, 227, 530, 118, 117
01692, 109, 647, 227, 530, 118, 117
01693, 109, 647, 227, 530, 118, 117
01694, 109, 647, 227, 530, 118, 117
01695, 109, 647, 227, 530, 118, 117
01696, 109, 647, 227, 530, 118, 117
01697, 106, 650, 248, 509, 142, 141
01698, 109, 647, 227, 530, 118, 117
01699, 109, 647, 227, 530, 118, 117
01700, 109, 647, 227, 530, 118, 117
01701, 109, 647, 227, 530, 118, 117
01702, 109, 647, 227, 530, 118, 117
01703, 109, 647, 227, 530, 118, 117
01704, 109, 647, 227, 530, 118, 117
01705, 109, 647, 227, 530, 118, 117
01706, 109, 647, 227, 530, 118, 117
01707, 109, 636, 227, 518, 118, 118
01708, 97, 647, 215, 530, 118, 117
01709, 97, 647, 215, 530, 118, 117
01710, 97, 647, 215, 530, 118, 117
01711, 97, 647, 215, 530, 118, 117
01712, 97, 647, 215, 530, 118, 117
01713, 121, 659, 239, 541, 118, 118
01714, 109, 659, 227, 541, 118, 118
01715, 109, 659, 227, 541, 118, 118
01716, 109, 659, 227, 541, 118, 118
01717, 109, 659, 227, 541, 118, 118
01718, 92, 664, 233, 523, 141, 141
01719, 92, 664, 233, 523, 141, 141
01720, 121, 659, 239, 541, 118, 118
01721, 121, 659, 239, 541, 118, 118
01722, 121, 659, 239, 541, 118, 118
01723, 97, 647, 215, 530, 118, 117
01724, 121, 659, 239, 541, 118, 118
01725, 121, 659, 239, 541, 118, 118
01726, 121, 659, 239, 541, 118, 118
01727, 121, 647, 239, 530, 118, 117
01728, 121, 647, 239, 530, 118, 117
01729, 121, 647, 239, 530, 118, 117
01730, 121, 647, 239, 530, 118, 117
01731, 121, 647, 239, 530, 118, 117
01732, 121, 647, 239, 530, 118, 117
01733, 121, 647, 239, 530, 118, 117
01734, 121, 647, 239, 530, 118, 117
01735, 121, 647, 239, 530, 118, 117
01736, 121, 659, 239, 541, 118, 118
01737, 121, 659, 239, 541, 118, 118
01738, 121, 659, 239, 541, 118, 118
01739, 121, 659, 239, 541, 118, 118
01740, 121, 659, 239, 541, 118, 118
01741, 109, 659, 227, 541, 118, 118
01742, 121, 671, 239, 553, 118, 118
01743, 109, 671, 227, 553, 118, 118
01744, 109, 671, 227, 553, 118, 118
01745, 92, 679, 233, 537, 141, 142
01746, 109, 671, 227, 553, 118, 118
01747, 109, 671, 227, 553, 118, 118
01748, 97, 671, 215, 553, 118, 118
01749, 97, 671, 215, 553, 118, 118
01750, 85, 671, 203, 553, 118, 118
01751, 97, 671, 215, 553, 118, 118
01752, 97, 671, 215, 553, 118, 118
01753, 109, 671, 227, 553, 118, 118
01754, 85, 659, 203, 541, 118, 118
01755, 85, 659, 203, 541, 118, 118
01756, 97, 659, 215, 541, 118, 118
01757, 97, 659, 215, 541, 118, 118
01758, 97, 659, 215, 541, 118, 118
01759, 97, 659, 215, 541, 118, 118
01760, 92, 664, 233, 523, 141, 141
01761, 92, 664, 233, 523, 141, 141
01762, 109, 659, 227, 541, 118, 118
01763, 109, 659, 227, 541, 118, 118
01764, 97, 671, 215, 553, 118, 118
01765, 92, 679, 233, 537, 141, 142
01766, 97, 671, 215, 553, 118, 118
01767, 97, 671, 215, 553, 118, 118
01768, 109, 671, 227, 553, 118, 118
01769, 109, 671, 227, 553, 118, 118
01770, 109, 671, 227, 553, 118, 118
01771, 109, 671, 227, 553, 118, 118
01772, 109, 671, 227, 553, 118, 118
01773, 109, 671, 227, 553, 118, 118
01774, 109, 671, 227, 553, 118, 118
01775, 109, 671, 227, 553, 118, 118
01776, 109, 671, 227, 553, 118, 118
01777, 109, 671, 227, 553, 118, 118
01778, 109, 671, 227, 553, 118, 118
01779, 109, 671, 227, 553, 118, 118
01780, 92, 679, 233, 537, 141, 142
01781, 92, 679, 233, 537, 141, 142
01782, 92, 679, 233, 537, 141, 142
01783, 92, 679, 233, 537, 141, 142
01784, 92, 679, 233, 537, 141, 142
01785, 92, 679, 233, 537, 141, 142
01786, 92, 679, 233, 537, 141, 142
01787, 92, 679, 233, 537, 141, 142
01788, 92, 679, 233, 537, 141, 142
01789, 92, 679, 233, 537, 141, 142
01790, 109, 671, 227, 553, 118, 118
01791, 109, 671, 227, 553, 118, 118
01792, 92, 679, 233, 537, 141, 142
01793, 92, 679, 233, 537, 141, 142
01794, 109, 671, 227, 553, 118, 118
01795, 109, 671, 227, 553, 118, 118
01796, 77, 693, 219, 552, 142, 141
01797, 92, 679, 233, 537, 141, 142
